49
AL 4 8 9 23 40
AR 6 16 22 23 34 40 41
AZ 4 3 30 31 42
CA 3 2 31 35
CO 6 14 27 30 34 42 48
CT 3 17 32 37
DC 2 18 43
DE 3 18 29 36
FL 2 0 9
GA 5 0 8 25 38 40
IA 6 12 21 22 27 39 46
ID 6 24 31 35 42 45 48
IL 5 10 13 15 22 46
IN 4 12 15 20 33
KS 4 4 22 27 34
KY 7 12 13 22 33 40 43 47
LA 3 1 23 41
MA 5 5 28 32 37 44
MD 5 6 7 36 43 47
ME 1 28
MI 3 13 33 46
MN 4 10 26 39 46
MO 8 1 10 12 14 15 27 34 40
MS 4 0 1 16 40
MT 4 11 26 39 48
NC 4 9 38 40 43
ND 3 21 24 39
NE 6 4 10 14 22 39 48
NH 3 17 19 44
NJ 3 7 32 36
NM 4 2 4 34 41
NV 5 2 3 11 35 42
NY 5 5 17 29 36 44
OH 5 13 15 20 36 47
OK 6 1 4 14 22 30 41
OR 4 3 11 31 45
PA 6 7 18 29 32 33 47
RI 2 5 17
SC 2 9 25
SD 6 10 21 24 26 27 48
TN 8 0 1 9 15 22 23 25 43
TX 4 1 16 30 34
UT 5 2 4 11 31 48
VA 6 6 15 18 25 40 47
VT 3 17 28 32
WA 2 11 35
WI 4 10 12 20 21
WV 5 15 18 33 36 43
WY 6 4 11 24 27 39 42
